eps_s=  [50, 25, 20, 15, 10, 5, 3, 2.5, 2, 1, 0.75, 0.5, 0.25]
res=  [7.225211037399447, 7.259783588110346, 7.300494096342531, 7.283739359697042, 7.231285615510996, 7.191497727661158, 7.200823126702309, 7.188265871974338, 7.098752845485672, 6.784470805676023]


eps_s=  [50, 25, 20, 15, 10, 5, 3, 2.5, 2, 1, 0.75, 0.5, 0.25]
res=  [7.225211037399447, 7.259783588110346, 7.300494096342531, 7.283739359697042, 7.231285615510996, 7.191497727661158, 7.200823126702309, 7.188265871974338, 7.098752845485672, 6.784470805676023, 6.733991402604547]

final eps_s=  [50, 25, 20, 15, 10, 5, 3, 2.5, 2, 1, 0.75]
final res=  [(1201, 631), (1301, 701), (1405, 738), (1513, 774), (1625, 855), (2245, 1169), (3121, 1578), (3613, 1869), (4325, 2180), (9941, 4994), (14621, 7307)]


opt robot out 3.740546513846127

opt robot in 3.7799108897216573